Order Date,Day Order,Month Order,Year Order,Price Total
2019-01-01,1,1,2019,65681.9399999998
2019-01-02,2,1,2019,70813.19999999982
2019-01-03,3,1,2019,47046.19999999999
2019-01-04,4,1,2019,62012.209999999795
2019-01-05,5,1,2019,46524.62999999995
2019-01-06,6,1,2019,52777.48999999988
2019-01-07,7,1,2019,53676.41999999992
2019-01-08,8,1,2019,56112.46999999981
2019-01-09,9,1,2019,55153.12999999985
2019-01-10,10,1,2019,56660.91999999983
2019-01-11,11,1,2019,78414.53999999985
2019-01-12,12,1,2019,48126.40999999996
2019-01-13,13,1,2019,61284.38999999987
2019-01-14,14,1,2019,50090.47999999994
2019-01-15,15,1,2019,64869.31999999986
2019-01-16,16,1,2019,51304.99999999993
2019-01-17,17,1,2019,55152.74999999988
2019-01-18,18,1,2019,48469.7399999999
2019-01-19,19,1,2019,56964.72999999979
2019-01-20,20,1,2019,68084.87999999977
2019-01-21,21,1,2019,60948.28999999982
2019-01-22,22,1,2019,59380.919999999765
2019-01-23,23,1,2019,57572.449999999866
2019-01-24,24,1,2019,55848.85999999988
2019-01-25,25,1,2019,57721.48999999988
2019-01-26,26,1,2019,71476.17999999983
2019-01-27,27,1,2019,63683.969999999834
2019-01-28,28,1,2019,57419.479999999894
2019-01-29,29,1,2019,61692.20999999981
2019-01-30,30,1,2019,56238.60999999988
2019-01-31,31,1,2019,62383.129999999896
2019-02-01,1,2,2019,71757.32999999983
2019-02-02,2,2,2019,77893.73999999979
2019-02-03,3,2,2019,72971.04999999977
2019-02-04,4,2,2019,70259.9999999998
2019-02-05,5,2,2019,76124.53999999979
2019-02-06,6,2,2019,86290.89999999995
2019-02-07,7,2,2019,74316.67999999983
2019-02-08,8,2,2019,94507.12999999986
2019-02-09,9,2,2019,87770.11999999995
2019-02-10,10,2,2019,76934.50999999985
2019-02-11,11,2,2019,75116.01999999987
2019-02-12,12,2,2019,81070.50999999976
2019-02-13,13,2,2019,92570.14
2019-02-14,14,2,2019,71620.68999999984
2019-02-15,15,2,2019,75581.64999999986
2019-02-16,16,2,2019,87786.35000000005
2019-02-17,17,2,2019,84481.7399999999
2019-02-18,18,2,2019,80362.51999999984
2019-02-19,19,2,2019,75558.9799999999
2019-02-20,20,2,2019,75050.81999999983
2019-02-21,21,2,2019,80969.30999999988
2019-02-22,22,2,2019,82520.98999999979
2019-02-23,23,2,2019,65925.79999999977
2019-02-24,24,2,2019,74934.90999999984
2019-02-25,25,2,2019,71061.14999999972
2019-02-26,26,2,2019,80006.80999999984
2019-02-27,27,2,2019,90377.61999999991
2019-02-28,28,2,2019,68200.40999999987
2019-03-01,1,3,2019,90943.90999999992
2019-03-02,2,3,2019,92309.69999999995
2019-03-03,3,3,2019,85518.7799999999
2019-03-04,4,3,2019,88485.20999999989
2019-03-05,5,3,2019,100209.4399999999
2019-03-06,6,3,2019,86296.06999999988
2019-03-07,7,3,2019,95664.74999999991
2019-03-08,8,3,2019,91815.87999999996
2019-03-09,9,3,2019,94645.36999999998
2019-03-10,10,3,2019,83418.5499999999
2019-03-11,11,3,2019,88651.18999999981
2019-03-12,12,3,2019,90488.98999999983
2019-03-13,13,3,2019,88235.72999999982
2019-03-14,14,3,2019,82178.01999999983
2019-03-15,15,3,2019,84574.48999999985
2019-03-16,16,3,2019,81095.75999999986
2019-03-17,17,3,2019,81371.80999999984
2019-03-18,18,3,2019,100970.46999999984
2019-03-19,19,3,2019,85103.10999999977
2019-03-20,20,3,2019,86559.98000000001
2019-03-21,21,3,2019,85403.06999999985
2019-03-22,22,3,2019,102992.11000000002
2019-03-23,23,3,2019,89978.39999999988
2019-03-24,24,3,2019,78756.75999999988
2019-03-25,25,3,2019,101651.04999999992
2019-03-26,26,3,2019,98915.11000000007
2019-03-27,27,3,2019,95202.20000000003
2019-03-28,28,3,2019,92156.66999999977
2019-03-29,29,3,2019,97068.05999999982
2019-03-30,30,3,2019,95571.95999999996
2019-03-31,31,3,2019,90867.77999999997
2019-04-01,1,4,2019,112697.75999999995
2019-04-02,2,4,2019,104496.71000000006
2019-04-03,3,4,2019,113611.74999999996
2019-04-04,4,4,2019,116214.9900000001
2019-04-05,5,4,2019,114012.88000000002
2019-04-06,6,4,2019,109928.86999999984
2019-04-07,7,4,2019,103941.9499999999
2019-04-08,8,4,2019,94885.94999999998
2019-04-09,9,4,2019,112286.25000000001
2019-04-10,10,4,2019,120373.48
2019-04-11,11,4,2019,113048.27999999998
2019-04-12,12,4,2019,109263.74999999993
2019-04-13,13,4,2019,106087.75999999997
2019-04-14,14,4,2019,105730.52999999984
2019-04-15,15,4,2019,110242.19999999998
2019-04-16,16,4,2019,120860.86000000004
2019-04-17,17,4,2019,126445.19000000005
2019-04-18,18,4,2019,129520.54999999993
2019-04-19,19,4,2019,101059.55999999982
2019-04-20,20,4,2019,96773.81999999989
2019-04-21,21,4,2019,120653.93000000001
2019-04-22,22,4,2019,91174.97999999995
2019-04-23,23,4,2019,111792.55999999992
2019-04-24,24,4,2019,136177.32000000007
2019-04-25,25,4,2019,124453.24000000006
2019-04-26,26,4,2019,115389.09000000005
2019-04-27,27,4,2019,122127.73000000008
2019-04-28,28,4,2019,107756.66000000003
2019-04-29,29,4,2019,122115.62000000001
2019-04-30,30,4,2019,117546.0200000001
2019-05-01,1,5,2019,107690.73999999995
2019-05-02,2,5,2019,97324.24999999991
2019-05-03,3,5,2019,105895.00000000009
2019-05-04,4,5,2019,104348.54000000004
2019-05-05,5,5,2019,109929.26999999992
2019-05-06,6,5,2019,96172.39000000003
2019-05-07,7,5,2019,94958.09000000003
2019-05-08,8,5,2019,107953.46
2019-05-09,9,5,2019,109371.00000000009
2019-05-10,10,5,2019,106879.76000000001
2019-05-11,11,5,2019,108997.90000000002
2019-05-12,12,5,2019,105095.30999999998
2019-05-13,13,5,2019,90449.06999999993
2019-05-14,14,5,2019,103800.63999999984
2019-05-15,15,5,2019,91007.37999999976
2019-05-16,16,5,2019,97925.89999999989
2019-05-17,17,5,2019,105365.06999999998
2019-05-18,18,5,2019,98970.22
2019-05-19,19,5,2019,108252.4299999999
2019-05-20,20,5,2019,100939.50999999995
2019-05-21,21,5,2019,99856.80999999991
2019-05-22,22,5,2019,112042.05
2019-05-23,23,5,2019,95498.60999999983
2019-05-24,24,5,2019,100628.16999999991
2019-05-25,25,5,2019,89041.18999999983
2019-05-26,26,5,2019,113490.19999999998
2019-05-27,27,5,2019,95637.75999999992
2019-05-28,28,5,2019,104614.8899999999
2019-05-29,29,5,2019,103177.53999999995
2019-05-30,30,5,2019,103003.07999999999
2019-05-31,31,5,2019,84290.51999999989
2019-06-01,1,6,2019,90536.68999999996
2019-06-02,2,6,2019,86997.61999999998
2019-06-03,3,6,2019,85261.90999999987
2019-06-04,4,6,2019,86559.42999999996
2019-06-05,5,6,2019,88272.74999999985
2019-06-06,6,6,2019,87353.03999999983
2019-06-07,7,6,2019,77574.33999999995
2019-06-08,8,6,2019,91885.24999999999
2019-06-09,9,6,2019,99484.39000000004
2019-06-10,10,6,2019,72277.91999999982
2019-06-11,11,6,2019,93080.4599999999
2019-06-12,12,6,2019,85872.0299999998
2019-06-13,13,6,2019,82626.13999999975
2019-06-14,14,6,2019,92760.06999999989
2019-06-15,15,6,2019,91163.58999999998
2019-06-16,16,6,2019,76546.49999999977
2019-06-17,17,6,2019,81022.15999999979
2019-06-18,18,6,2019,98105.82999999993
2019-06-19,19,6,2019,94349.82999999997
2019-06-20,20,6,2019,88466.25999999983
2019-06-21,21,6,2019,85703.93999999981
2019-06-22,22,6,2019,74628.56999999985
2019-06-23,23,6,2019,89733.6899999999
2019-06-24,24,6,2019,65980.69999999981
2019-06-25,25,6,2019,94449.31999999992
2019-06-26,26,6,2019,68766.30999999988
2019-06-27,27,6,2019,71480.37999999982
2019-06-28,28,6,2019,99353.32
2019-06-29,29,6,2019,93773.54999999989
2019-06-30,30,6,2019,83736.26999999986
2019-07-01,1,7,2019,89500.90999999987
2019-07-02,2,7,2019,76026.19999999976
2019-07-03,3,7,2019,93627.99999999997
2019-07-04,4,7,2019,102134.72999999997
2019-07-05,5,7,2019,72285.6999999998
2019-07-06,6,7,2019,99457.60999999984
2019-07-07,7,7,2019,70338.13999999978
2019-07-08,8,7,2019,84543.81999999988
2019-07-09,9,7,2019,83604.81999999993
2019-07-10,10,7,2019,89916.8799999999
2019-07-11,11,7,2019,80924.07999999983
2019-07-12,12,7,2019,78338.90999999974
2019-07-13,13,7,2019,98082.87999999977
2019-07-14,14,7,2019,94690.11999999988
2019-07-15,15,7,2019,90238.13999999991
2019-07-16,16,7,2019,87845.77999999974
2019-07-17,17,7,2019,78741.92999999992
2019-07-18,18,7,2019,96480.17999999998
2019-07-19,19,7,2019,73736.1199999999
2019-07-20,20,7,2019,84184.38999999991
2019-07-21,21,7,2019,104283.76999999989
2019-07-22,22,7,2019,90392.24999999983
2019-07-23,23,7,2019,75213.23999999995
2019-07-24,24,7,2019,83753.99999999978
2019-07-25,25,7,2019,74325.06999999979
2019-07-26,26,7,2019,71835.05999999981
2019-07-27,27,7,2019,80624.02999999993
2019-07-28,28,7,2019,87004.42999999993
2019-07-29,29,7,2019,77803.4999999999
2019-07-30,30,7,2019,87488.8399999999
2019-07-31,31,7,2019,90352.22999999991
2019-08-01,1,8,2019,72168.43999999994
2019-08-02,2,8,2019,69120.52999999985
2019-08-03,3,8,2019,76031.30999999984
2019-08-04,4,8,2019,70642.63999999978
2019-08-05,5,8,2019,76464.88999999981
2019-08-06,6,8,2019,83380.33999999984
2019-08-07,7,8,2019,74489.64999999995
2019-08-08,8,8,2019,64919.0799999998
2019-08-09,9,8,2019,78485.45999999988
2019-08-10,10,8,2019,95160.62999999995
2019-08-11,11,8,2019,77852.08999999991
2019-08-12,12,8,2019,66674.73999999987
2019-08-13,13,8,2019,70020.40999999987
2019-08-14,14,8,2019,83965.86
2019-08-15,15,8,2019,73802.23999999977
2019-08-16,16,8,2019,66786.53999999969
2019-08-17,17,8,2019,72013.66999999984
2019-08-18,18,8,2019,59914.99999999981
2019-08-19,19,8,2019,73513.03999999975
2019-08-20,20,8,2019,74967.58999999988
2019-08-21,21,8,2019,53060.41999999982
2019-08-22,22,8,2019,81481.49999999994
2019-08-23,23,8,2019,60535.269999999786
2019-08-24,24,8,2019,66452.50999999975
2019-08-25,25,8,2019,80612.88999999991
2019-08-26,26,8,2019,73430.2099999998
2019-08-27,27,8,2019,68615.64999999975
2019-08-28,28,8,2019,75286.7899999998
2019-08-29,29,8,2019,73259.5099999999
2019-08-30,30,8,2019,65785.15999999981
2019-08-31,31,8,2019,65573.81999999977
2019-09-01,1,9,2019,67913.38999999987
2019-09-02,2,9,2019,72275.3799999998
2019-09-03,3,9,2019,62071.2899999998
2019-09-04,4,9,2019,71784.81999999988
2019-09-05,5,9,2019,67834.50999999978
2019-09-06,6,9,2019,70087.0999999998
2019-09-07,7,9,2019,70665.43999999989
2019-09-08,8,9,2019,64098.29999999976
2019-09-09,9,9,2019,79465.81999999989
2019-09-10,10,9,2019,74257.34999999985
2019-09-11,11,9,2019,77830.2299999998
2019-09-12,12,9,2019,74776.10999999975
2019-09-13,13,9,2019,78224.2799999999
2019-09-14,14,9,2019,79399.75999999995
2019-09-15,15,9,2019,73422.20999999993
2019-09-16,16,9,2019,57940.239999999845
2019-09-17,17,9,2019,62443.569999999745
2019-09-18,18,9,2019,76563.29999999984
2019-09-19,19,9,2019,64202.459999999766
2019-09-20,20,9,2019,63013.82999999974
2019-09-21,21,9,2019,62876.259999999835
2019-09-22,22,9,2019,47909.60999999987
2019-09-23,23,9,2019,70232.02999999978
2019-09-24,24,9,2019,66751.41999999977
2019-09-25,25,9,2019,78245.16999999985
2019-09-26,26,9,2019,79307.7699999999
2019-09-27,27,9,2019,66331.17999999975
2019-09-28,28,9,2019,72096.6299999998
2019-09-29,29,9,2019,73285.41999999981
2019-09-30,30,9,2019,72255.24999999983
2019-10-01,1,10,2019,133545.32000000004
2019-10-02,2,10,2019,115401.66000000006
2019-10-03,3,10,2019,99928.92000000007
2019-10-04,4,10,2019,121014.28999999996
2019-10-05,5,10,2019,122682.14000000003
2019-10-06,6,10,2019,134384.92000000016
2019-10-07,7,10,2019,121833.37
2019-10-08,8,10,2019,108477.63999999991
2019-10-09,9,10,2019,106094.10999999988
2019-10-10,10,10,2019,125440.59000000003
2019-10-11,11,10,2019,116730.84999999992
2019-10-12,12,10,2019,124765.0500000001
2019-10-13,13,10,2019,122900.14000000006
2019-10-14,14,10,2019,128103.23999999996
2019-10-15,15,10,2019,107623.74999999984
2019-10-16,16,10,2019,114107.87000000021
2019-10-17,17,10,2019,130827.84000000007
2019-10-18,18,10,2019,119705.71999999994
2019-10-19,19,10,2019,117261.52000000002
2019-10-20,20,10,2019,129369.48000000008
2019-10-21,21,10,2019,114909.47999999998
2019-10-22,22,10,2019,134168.9399999999
2019-10-23,23,10,2019,118348.49
2019-10-24,24,10,2019,109809.60000000002
2019-10-25,25,10,2019,123926.8499999999
2019-10-26,26,10,2019,126993.86000000007
2019-10-27,27,10,2019,119612.37000000013
2019-10-28,28,10,2019,126483.5000000001
2019-10-29,29,10,2019,133132.28000000012
2019-10-30,30,10,2019,98910.75999999995
2019-10-31,31,10,2019,130232.33000000007
2019-11-01,1,11,2019,107058.89999999997
2019-11-02,2,11,2019,125772.34000000004
2019-11-03,3,11,2019,89898.23999999986
2019-11-04,4,11,2019,103673.16999999998
2019-11-05,5,11,2019,105864.67999999996
2019-11-06,6,11,2019,93916.88999999982
2019-11-07,7,11,2019,117692.05000000008
2019-11-08,8,11,2019,105236.87999999995
2019-11-09,9,11,2019,115754.83000000006
2019-11-10,10,11,2019,104955.39999999998
2019-11-11,11,11,2019,110945.81999999998
2019-11-12,12,11,2019,100467.21999999986
2019-11-13,13,11,2019,93579.45999999988
2019-11-14,14,11,2019,99578.46999999994
2019-11-15,15,11,2019,110547.06
2019-11-16,16,11,2019,94234.46999999993
2019-11-17,17,11,2019,104077.54
2019-11-18,18,11,2019,100369.2499999999
2019-11-19,19,11,2019,111336.53000000003
2019-11-20,20,11,2019,116783.61000000022
2019-11-21,21,11,2019,98591.98999999986
2019-11-22,22,11,2019,115879.27999999997
2019-11-23,23,11,2019,102594.44999999998
2019-11-24,24,11,2019,130244.50000000016
2019-11-25,25,11,2019,121062.75000000012
2019-11-26,26,11,2019,95920.66999999994
2019-11-27,27,11,2019,128022.25000000016
2019-11-28,28,11,2019,95941.36999999979
2019-11-29,29,11,2019,92666.44999999985
2019-11-30,30,11,2019,106936.6800000001
2019-12-01,1,12,2019,148153.6299999999
2019-12-02,2,12,2019,149025.71000000005
2019-12-03,3,12,2019,142570.44999999995
2019-12-04,4,12,2019,166727.6899999998
2019-12-05,5,12,2019,155079.29999999976
2019-12-06,6,12,2019,151910.46999999986
2019-12-07,7,12,2019,139645.74999999997
2019-12-08,8,12,2019,143527.6299999999
2019-12-09,9,12,2019,147135.12999999974
2019-12-10,10,12,2019,162832.73999999976
2019-12-11,11,12,2019,146367.02999999997
2019-12-12,12,12,2019,144195.1500000001
2019-12-13,13,12,2019,153332.1400000001
2019-12-14,14,12,2019,141991.77999999985
2019-12-15,15,12,2019,143269.7199999998
2019-12-16,16,12,2019,162970.60999999984
2019-12-17,17,12,2019,157364.71999999977
2019-12-18,18,12,2019,154598.77000000002
2019-12-19,19,12,2019,137732.67000000004
2019-12-20,20,12,2019,160181.29999999973
2019-12-21,21,12,2019,154756.87
2019-12-22,22,12,2019,147348.08999999985
2019-12-23,23,12,2019,152214.4499999998
2019-12-24,24,12,2019,152888.82000000004
2019-12-25,25,12,2019,152268.42000000007
2019-12-26,26,12,2019,144912.0199999999
2019-12-27,27,12,2019,126628.05000000028
2019-12-28,28,12,2019,134015.50000000015
2019-12-29,29,12,2019,156024.61999999994
2019-12-30,30,12,2019,152319.80999999997
2019-12-31,31,12,2019,131454.29999999996
